id,predict_0,predict_1,predict_2
11066,0.9897401760364838,0.008695930170226277,0.0015638937932899609
18000,0.32904454009422224,0.20181331637491365,0.4691421435308641
16964,0.9895237113303237,0.009245735696420326,0.0012305529732559142
4795,0.9060600417101075,0.09127273710614922,0.0026672211837433144
3392,0.27366901052641124,0.5883720796033861,0.13795890987020276
3795,0.31657013240091364,0.6792739509972923,0.004155916601794023
2881,0.8668055519146544,0.13025924388322715,0.0029352042021184733
1903,0.3049706965341704,0.23631366867143264,0.45871563479439714
5245,0.9613384305030559,0.03196669832009318,0.006694871176850965
6726,0.8974085995842488,0.10141838740578939,0.0011730130099617607
1311,0.8529335519986564,0.146192321281315,0.000874126720028505
15795,0.5893524112594898,0.40903529109351544,0.001612297646994665
4315,0.8895620974181611,0.10063882341084421,0.009799079170994799
3393,0.13094113855836795,0.0679154646308173,0.8011433968108148
6764,0.894320195755505,0.09314661079589873,0.012533193448596191
13039,0.6419781610254361,0.35636391827552244,0.0016579206990415029
12331,0.7841412231310619,0.0990723023179282,0.11678647455101007
14276,0.4699253216444009,0.46634762707077937,0.06372705128481965
14638,0.9331889322738602,0.0655181508976132,0.001292916828526633
6573,0.9606280657572609,0.03749801952472791,0.0018739147180113261
2222,0.2835400063435172,0.1280449780314844,0.5884150156249984
8824,0.985668178003862,0.012692563076512316,0.001639258919625552
6360,0.6004543617290887,0.3788889570689862,0.020656681201925094
7553,0.4680462362489996,0.21312105480749524,0.3188327089435052
13760,0.5208063295990146,0.39094683373884676,0.08824683666213864
4284,0.6378685188058685,0.32745748937228797,0.034673991821843636
1356,0.8294379748857158,0.05295144242805529,0.1176105826862289
3410,0.9784168458330399,0.016220290895212847,0.005362863271747254
4830,0.47201908735118886,0.4552511645162201,0.07272974813259103
8998,0.505093221037347,0.4729614228525565,0.021945356110096566
18052,0.9747602683855817,0.023843643538023367,0.0013960880763950372
7539,0.8992832364824129,0.09778133071496374,0.002935432802623145
9529,0.9586497280435449,0.035978505068590905,0.005371766887864288
3656,0.9208785252642355,0.07161870310984338,0.007502771625921016
14238,0.7963034513601326,0.13157857925614858,0.07211796938371894
2682,0.5551592334997725,0.4433891303481179,0.0014516361521094959
7312,0.798848896693979,0.17458003666887764,0.02657106663714338
12971,0.8753645236807224,0.10628173589418125,0.01835374042509633
10735,0.5953277334327449,0.40313482147660745,0.0015374450906477214
4050,0.8229657122955576,0.14944416964767565,0.027590118056766862
5943,0.9461300187333674,0.05260365503188672,0.0012663262347460075
6482,0.5909975028989504,0.40761094578643375,0.0013915513146158412
9746,0.38019915216034417,0.18209964640259219,0.4377012014370635
13320,0.2227183846564288,0.10812000703516209,0.6691616083084091
803,0.7467533523856487,0.19615291285245431,0.057093734761896914
15437,0.871859177646178,0.11587797905372764,0.01226284330009432
12302,0.9698346118286176,0.02820404629750497,0.001961341873877329
12271,0.8086265523399666,0.18910311741461652,0.0022703302454169564
5341,0.9118083327982912,0.03694576381441658,0.051245903387292284
4427,0.9676354880086967,0.02952191114357084,0.0028426008477323863
529,0.9176811081952158,0.07683890293949357,0.005479988865290679
2022,0.9630445083669558,0.03444881184030827,0.0025066797927358504
14625,0.9469679292424538,0.05114055038201076,0.0018915203755355456
2922,0.3240944371283152,0.2671136605989955,0.40879190227268936
16330,0.13091670560050409,0.2873703032549337,0.5817129911445622
12890,0.9049989056993993,0.09189299238771204,0.003108101912888505
2140,0.5851128836771419,0.4132220051228125,0.001665111200045547
13484,0.7218405322138384,0.27288074548709856,0.005278722299063143
12392,0.9193808760049859,0.07983711637062008,0.000782007624394103
2322,0.20374121087673405,0.10026980402177053,0.6959889851014954
567,0.25555004027958556,0.15822315516129826,0.5862268045591161
4436,0.9178019372181221,0.07777820910093887,0.004419853680939074
12156,0.9606425549082259,0.037498585107272456,0.0018588599845016122
7508,0.6982119070364684,0.28568364067632274,0.016104452287208876
6184,0.9116394078410492,0.06935775078131047,0.01900284137764044
12213,0.9285259554327716,0.06124735458216184,0.010226689985066607
6458,0.2300764499845979,0.33300116144390784,0.43692238857149424
13967,0.8537326267546554,0.13955336040805447,0.00671401283729018
894,0.8955451634942978,0.1010137051435343,0.0034411313621677386
7461,0.1893311551203459,0.7169228905625455,0.09374595431710865
8949,0.714663491575182,0.2800441897163443,0.0052923187084737405
3477,0.26558556332376726,0.7174098878656449,0.017004548810587897
2779,0.9655280349819473,0.02993244162680457,0.0045395233912481495
13551,0.6181547456337971,0.364695151283674,0.017150103082528956
8297,0.9526300863922922,0.04437619232037846,0.002993721287329279
5050,0.3287775088995604,0.6523916185219479,0.01883087257849169
10716,0.716161012232868,0.28017093707134944,0.003668050695782633
16075,0.850627652908125,0.14454693249844042,0.004825414593434385
1366,0.7801666437754233,0.21079469388327718,0.00903866234129945
774,0.977778236254914,0.020535403977639866,0.0016863597674459006
7406,0.7958255571033492,0.1962004549007233,0.007973987995927447
2526,0.6229232623448379,0.3004741914727685,0.07660254618239376
9649,0.9526300863922922,0.04437619232037846,0.002993721287329279
16115,0.21333688143812457,0.6965018622144156,0.09016125634745982
14749,0.48310743514567145,0.22664125268757707,0.2902513121667514
14952,0.6188252277722331,0.10388135758610488,0.27729341464166196
4786,0.2572723309601035,0.2473627559236783,0.49536491311621805
16513,0.8787405926130383,0.11853268765819504,0.002726719728766739
2002,0.9914315505123642,0.007001883144408857,0.001566566343226806
4701,0.6964001897483356,0.28534353696236814,0.018256273289296257
7742,0.8385262302665704,0.12248681422018112,0.0389869555132484
5905,0.7611847357572425,0.21976938730513096,0.01904587693762645
685,0.872015337217733,0.09215999865675857,0.035824664125508256
11857,0.7808888673169747,0.21731323073622766,0.0017979019467975815
11628,0.3311173324537377,0.2641615488748975,0.4047211186713649
15024,0.7902605458979057,0.20334827825818766,0.006391175843906628
4168,0.8751663119635893,0.11789570426246747,0.006937983773943303
11914,0.891884368587996,0.10521023884867593,0.00290539256332816
5293,0.9303313358663889,0.06671760891878947,0.002951055214821638
3374,0.6258305525736361,0.3716564854336455,0.0025129619927185694
13055,0.9893488583871167,0.00901434847923181,0.0016367931336513544
17759,0.14951799728351914,0.7232559314753629,0.12722607124111807
590,0.8487864427888293,0.1476164882614963,0.00359706894967438
1353,0.9234843078953667,0.07577348787756534,0.0007422042270679517
11938,0.13316700783052304,0.740069328703759,0.12676366346571805
1018,0.18861838591763838,0.3940164593419966,0.4173651547403651
14945,0.6102008974237023,0.38812976950441325,0.0016693330718843757
1001,0.8636663898213871,0.13174501215158957,0.004588598027023433
3587,0.74563347741736,0.2331793529139806,0.021187169668659463
868,0.9373622551029369,0.059575633782602645,0.003062111114460273
9296,0.2091813171660721,0.1137831801939877,0.6770355026399402
12455,0.8109662407552721,0.1862098920099043,0.0028238672348236344
17132,0.896068711187303,0.09350904210023085,0.010422246712466346
10240,0.964579525443181,0.033017914506953565,0.00240256004986556
3696,0.14033645233417028,0.08421596292055637,0.7754475847452733
10355,0.5904439810420966,0.39204016594292,0.017515853014983273
2206,0.245468789556598,0.7529701339668191,0.0015610764765829315
14590,0.9893488583871167,0.00901434847923181,0.0016367931336513544
13191,0.945057500271602,0.05395891161555878,0.0009835881128392968
5882,0.9274127158574899,0.07179844479019294,0.000788839352317206
12653,0.36358604128996524,0.6353375407983515,0.0010764179116833949
1491,0.04679076601055673,0.9213790097140572,0.03183022427538619
1176,0.6003393057026696,0.379619604680443,0.020041089616887536
11246,0.41832739874102187,0.19617861199234266,0.38549398926663553
14557,0.24122235692333527,0.6110997453133487,0.14767789776331605
4772,0.07122908490473956,0.2634330141153172,0.6653379009799433
17192,0.6419781610254361,0.35636391827552244,0.0016579206990415029
10637,0.5384240448859565,0.45503581665490267,0.006540138459140699
3281,0.9335018611254449,0.06275615742369499,0.003741981450860252
3191,0.596754354279073,0.349497279909139,0.05374836581178795
672,0.9331889322738602,0.0655181508976132,0.001292916828526633
6301,0.7851150331376071,0.21164151620276325,0.003243450659629539
10309,0.9333271239767996,0.06578037028078884,0.0008925057424114719
1734,0.7535865208345013,0.24378941397283735,0.002624065192661291
2990,0.3769822370512395,0.6071519731223496,0.015865789826410997
5746,0.4334322080544305,0.5474693925336187,0.019098399411950802
15289,0.7173446173870668,0.27836242606181816,0.0042929565511150925
2971,0.9872934285252483,0.01107527070119795,0.0016313007735538506
9771,0.6759378517933097,0.18634884359468207,0.13771330461200817
11253,0.21109937807938364,0.7589995655240787,0.029901056396537628
14576,0.1982432428697459,0.7651903391414536,0.036566417988800275
4688,0.3273636675258747,0.2641754092730373,0.40846092320108796
14469,0.6965125981417734,0.2926255171307075,0.010861884727519162
9298,0.9066996008721894,0.0658492689821465,0.027451130145664263
16099,0.20027324534758567,0.782671022254992,0.01705573239742263
17316,0.2907369546756389,0.25063912880309047,0.45862391652127055
15212,0.9919848323936191,0.006549757577927536,0.0014654100284534626
10691,0.9370884886214476,0.051222474935189735,0.011689036443362836
3805,0.987626393513435,0.010637298145083593,0.0017363083414814468
6418,0.3571515823368509,0.6123525333776293,0.03049588428551976
1158,0.5463148845864214,0.45072100522385355,0.002964110189725041
7768,0.9604563750051226,0.03644856180304601,0.003095063191831491
4834,0.24466025737595148,0.12656025813137342,0.6287794844926751
10914,0.5496650197785178,0.44883125579261246,0.0015037244288697398
14606,0.6738487763178024,0.3114563792344568,0.014694844447740805
3220,0.8610583350426587,0.12794842375614018,0.01099324120120111
10433,0.9632925912099211,0.03313635804563408,0.0035710507444448657
11251,0.11956656331115643,0.04964889292949122,0.8307845437593524
8084,0.3464425423159507,0.652480033027438,0.001077424656611566
522,0.9570941480370625,0.02425256843777703,0.018653283525160446
17299,0.902045250169341,0.0968033585351479,0.0011513912955109801
15587,0.9097692923774778,0.06341086848234305,0.026819839140179113
1563,0.16159867776420836,0.0905861500305064,0.7478151722052853
8252,0.23468586957262777,0.762456438734048,0.0028576916933241566
17802,0.43886491213837053,0.23985778314923842,0.321277304712391
2738,0.8667955899863055,0.12558254318693182,0.007621866826762846
9896,0.780055422409726,0.21556349919932552,0.0043810783909485175
14609,0.9879047187230191,0.009242100700972637,0.002853180576008137
10463,0.987626393513435,0.010637298145083593,0.0017363083414814468
1280,0.6098249775065008,0.3272461012438573,0.062928921249642
977,0.12920384227893594,0.615076731917319,0.25571942580374507
979,0.8667680658410786,0.1266206162054086,0.0066113179535128705
10908,0.9872674347197749,0.011074979107611021,0.0016575861726142141
12569,0.23668296578184578,0.664277291848364,0.09903974236979021
6078,0.3031527383597272,0.11575184832157237,0.5810954133187004
18339,0.9939344516366875,0.004637645351711161,0.0014279030116013045
13799,0.06350093519116665,0.8521613171517896,0.08433774765704372
7193,0.35873866315443104,0.17870072406202872,0.4625606127835404
8243,0.7132807296388767,0.2544391451554293,0.032280125205693996
13622,0.993302770276605,0.005472777774104912,0.001224451949290035
5885,0.7760128863001043,0.22142176649759274,0.0025653472023028077
5768,0.9428086305739758,0.04642425947075891,0.010767109955265313
632,0.27466407767661066,0.6753170058348437,0.05001891648854555
3314,0.9750263052451101,0.023030684968459045,0.0019430097864307312
3664,0.7338766569409215,0.24412955268944236,0.02199379036963607
18518,0.8321087299499819,0.16433958446185115,0.003551685588166828
7687,0.9885907458280435,0.00885497055173963,0.0025542836202168398
17889,0.6616921886406893,0.29240182830850336,0.045905983050807155
12943,0.8946256822631041,0.07587859959134675,0.029495718145549008
3581,0.7979272537140536,0.19749100089408356,0.004581745391862915
13802,0.8179970094252118,0.1799884946681947,0.002014495906593522
17702,0.3342410470571943,0.651160363659538,0.014598589283267696
12342,0.9914862055291755,0.00703933150773722,0.0014744629630871347
11185,0.9619756265687865,0.036053519731004305,0.0019708537002092684
15675,0.7975983633443569,0.19811201290552852,0.0042896237501144005
6716,0.34845420920063325,0.6281466802501107,0.023399110549255944
17790,0.8336344868340223,0.16516435331408877,0.0012011598518888809
17791,0.6139823679119593,0.36212451372935045,0.023893118358690322
6145,0.8100955227740866,0.18706760283306864,0.0028368743928448552
18237,0.12249453451891343,0.8575536164518591,0.01995184902922734
10523,0.7609282319667066,0.22577480410757664,0.01329696392571673
4356,0.40244384776186654,0.574417948640914,0.023138203597219457
7482,0.6267097298358947,0.3717370934910235,0.0015531766730819115
5856,0.4855842697876856,0.3789691838366348,0.13544654637567968
5011,0.28615619234856704,0.3943170867275138,0.3195267209239192
15872,0.9855149376550231,0.01297927550545719,0.0015057868395196704
6609,0.5857274957953431,0.39233090110796354,0.021941603096693265
995,0.9457866168966118,0.03989116308782444,0.014322220015563925
4680,0.8729912047245496,0.11412857769403406,0.0128802175814163
18327,0.7591701055983349,0.1757562683222226,0.06507362607944268
8484,0.6615223238276268,0.3348884914071211,0.003589184765252126
16968,0.17498454405502856,0.6536295644562361,0.17138589148873518
8305,0.9062079489341541,0.09081719547147937,0.002974855594366572
7012,0.8425119437078344,0.1556059398810495,0.0018821164111160016
13465,0.2257970794181913,0.43323952735371685,0.3409633932280918
8375,0.9320344832411157,0.06579137327439155,0.00217414348449271
15629,0.32805723238755913,0.6532786026216133,0.018664164990827504
12296,0.9840975517865294,0.014325050711622106,0.0015773975018485982
458,0.43599229295901226,0.10903457646110253,0.4549731305798852
18124,0.2744142324300168,0.27797893950786445,0.4476068280621187
4430,0.08546731700415533,0.5385474742489688,0.3759852087468758
14443,0.5302173763744681,0.4196601203180341,0.0501225033074978
15275,0.9749941631282699,0.019528641501933498,0.005477195369796445
4470,0.20374121087673405,0.10026980402177053,0.6959889851014954
13831,0.9432314770054704,0.05377807140310871,0.002990451591420799
7696,0.9575300580920963,0.033043748268624815,0.009426193639279153
15172,0.8044096923752209,0.030644921794457578,0.1649453858303216
16647,0.8614889134437657,0.1259714917322193,0.012539594824015022
14209,0.2021927255872996,0.7780150772984933,0.019792197114207013
18121,0.8229547671608629,0.17416332664437936,0.002881906194757866
12144,0.540718643902934,0.45780210636363794,0.001479249733428165
800,0.9331889322738602,0.0655181508976132,0.001292916828526633
13200,0.10975300394858731,0.8892719652356533,0.0009750308157593894
5724,0.09916933205549394,0.1128895163486382,0.7879411515958679
15722,0.8511459480543062,0.10545647388752447,0.04339757805816934
6660,0.871955786461035,0.12635552627959165,0.0016886872593734083
8394,0.8971766633397331,0.10099020180607918,0.0018331348541877216
5554,0.607846178613765,0.17981949094964172,0.2123343304365932
10381,0.9577733454543704,0.04003474301248703,0.0021919115331425413
15783,0.9062079489341541,0.09081719547147937,0.002974855594366572
10907,0.9461223203628445,0.04985166094658462,0.0040260186905707275
11455,0.9772424499041374,0.02189137357784421,0.000866176518018415
5992,0.24388038032745749,0.4247592703688162,0.3313603493037261
16564,0.21743395110925454,0.1203578588782208,0.6622081900125246
7933,0.8545828999975289,0.1029758353430703,0.04244126465940083
16008,0.9274127158574899,0.07179844479019294,0.000788839352317206
7265,0.43522350390185777,0.476615250634214,0.08816124546392817
11095,0.6419781610254361,0.35636391827552244,0.0016579206990415029
2181,0.2901936978158448,0.2638228578393459,0.4459834443448094
8845,0.7373539060391887,0.24967345053758025,0.012972643423231038
13617,0.5529246109328259,0.4449799581130699,0.0020954309541042614
17228,0.9382639726705523,0.055589424505969404,0.006146602823478305
16321,0.9787170433803769,0.0197450798734917,0.001537876746131477
14851,0.9662621764154143,0.016383701068674702,0.017354122515911053
9613,0.9411660364630245,0.055888524486760016,0.0029454390502154956
3121,0.8455832244942805,0.14595982402996596,0.008456951475753545
4840,0.9890351038414891,0.009011489737558179,0.001953406420952793
18216,0.25354660041793864,0.7395160782831353,0.00693732129892606
17113,0.37317546267343266,0.6206287209937339,0.006195816332833467
4775,0.9431102235405343,0.04643911002439199,0.010450666435073596
14105,0.9078790012638294,0.051446214935052144,0.040674783801118504
4993,0.3591894556690192,0.6100190690082001,0.030791475322780724
8901,0.9310150924842269,0.019566238700196616,0.049418668815576584
15443,0.7165783376257738,0.24811153598157792,0.0353101263926482
435,0.944341523387282,0.05435010806564494,0.0013083685470731484
4595,0.21235712757769615,0.7431158892606494,0.044526983161654536
14503,0.6147111395012186,0.3836815074019426,0.0016073530968385816
2191,0.27820964193564574,0.7026778665843623,0.019112491479991875
2163,0.9573606232237055,0.04055895873349749,0.002080418042797235
9987,0.9840975517865294,0.014325050711622106,0.0015773975018485982
16234,0.23202661095790403,0.44806187500289507,0.31991151403920093
3834,0.304083984686214,0.296649249258125,0.39926676605566097
13133,0.5907239035023797,0.4076691836471684,0.0016069128504520517
13909,0.37214423562265275,0.4025097649399383,0.22534599943740885
9952,0.4724553849339186,0.5190981766142281,0.008446438451853276
3666,0.30732392798717845,0.6918353226810251,0.0008407493317961841
6072,0.9122306925354148,0.0770794672165983,0.010689840247986832
2936,0.21012574192559602,0.12148185398486527,0.6683924040895387
6497,0.9034517097826645,0.07356017163765148,0.02298811857968396
5645,0.9535887609324593,0.04506233506937388,0.0013489039981668504
15476,0.6677233410039166,0.2842550193962447,0.04802163959983859
8472,0.9893488583871167,0.00901434847923181,0.0016367931336513544
15687,0.8527183689466579,0.14630785348009473,0.000973777573247654
10682,0.898864488802206,0.10020531424210365,0.0009301969556902132
10772,0.9070948893152109,0.09066030546854587,0.002244805216243389
8156,0.3240944371283152,0.2671136605989955,0.40879190227268936
10436,0.8818800590034351,0.03359624541625474,0.08452369558031006
16827,0.8229547671608629,0.17416332664437936,0.002881906194757866
12299,0.21702297649800015,0.48982032671630027,0.2931566967856995
9258,0.22363073773050576,0.3070052117152128,0.46936405055428143
4759,0.7550767592800409,0.24322020685901938,0.0017030338609396903
8989,0.7067361112497446,0.28604982733880635,0.007214061411449117
14823,0.9937359871756396,0.005118765755057568,0.00114524706930283
17270,0.505093221037347,0.4729614228525565,0.021945356110096566
2005,0.9559291994668615,0.0409181504416473,0.003152650091491374
15757,0.8277682319352799,0.16991432557139838,0.002317442493321509
14476,0.6035506597568369,0.3948906592903211,0.0015586809528422077
17243,0.12623576544084145,0.761196146462256,0.11256808809690244
3908,0.9229892491434863,0.07586171329583333,0.0011490375606803332
781,0.9077461803066986,0.08719824858765893,0.005055571105642361
5398,0.49614058621139057,0.3096137071762081,0.1942457066124014
2687,0.46761328273136404,0.5038885129807836,0.028498204287852293
5017,0.9009614878872078,0.08773553197794452,0.011302980134847568
140,0.6277003103174225,0.3624457475707321,0.009853942111845364
14897,0.8293587617888474,0.15595979298449605,0.014681445226656521
1487,0.43587130264604734,0.5400335934064395,0.024095103947513158
18371,0.995095920051819,0.003749600565987609,0.0011544793821934144
10170,0.9062802886163107,0.0710010242394379,0.022718687144251213
3464,0.7968719075556313,0.1113583828732983,0.09176970957107031
1535,0.6983287271259335,0.29006971636830375,0.011601556505762752
1442,0.7786786647502619,0.2179839341038339,0.0033374011459041107
7249,0.7458095518482953,0.22751674106686465,0.02667370708484011
17510,0.21637806447739344,0.745996465104101,0.03762547041850541
418,0.9900514400907002,0.008318987047142476,0.0016295728621571923
16274,0.16132266578178434,0.31250101478235887,0.5261763194358567
12497,0.5002222675242372,0.4649930333584735,0.03478469911728935
17309,0.9437097741785467,0.05056228676401379,0.005727939057439468
3891,0.9119094954602663,0.08269623278471135,0.0053942717550223805
8437,0.9326503673556438,0.06421732786653933,0.0031323047778169435
9950,0.7920695250451268,0.20352367509654737,0.00440679985832577
5316,0.8437710641974254,0.14933872470674822,0.006890211095826298
12979,0.6102008974237023,0.38812976950441325,0.0016693330718843757
14648,0.935745237957826,0.06323047276641487,0.0010242892757589652
8194,0.8411643018963713,0.14899620453583282,0.009839493567796035
10386,0.25466715661316663,0.4227471059907242,0.32258573739610913
12749,0.19236691752226545,0.39168908940082026,0.4159439930769142
16508,0.8878080675974798,0.11036837389219416,0.0018235585103261293
16386,0.6232122984682325,0.3751581195158248,0.0016295820159426563
12933,0.935745237957826,0.06323047276641487,0.0010242892757589652
2830,0.8326884044380487,0.1644540688568145,0.002857526705136687
11528,0.507687620823571,0.4910012663281881,0.001311112848240927
15904,0.8371742657859905,0.1594962623323055,0.0033294718817039964
16390,0.891884368587996,0.10521023884867593,0.00290539256332816
14036,0.9879047187230191,0.009242100700972637,0.002853180576008137
17215,0.9876821633456887,0.010637898817905904,0.0016799378364053688
14404,0.8617693761179953,0.13654930475878058,0.0016813191232241754
12101,0.13529447839176426,0.4452033340819938,0.4195021875262419
10812,0.250034307476736,0.7104203520612267,0.03954534046203741
4374,0.987283421971538,0.010633604146451729,0.002082973882010318
9719,0.28600795923788136,0.6891243778858435,0.024867662876275086
8520,0.169779146131058,0.7071044933095164,0.12311636055942562
15621,0.8818800590034351,0.03359624541625474,0.08452369558031006
7173,0.23153384025569287,0.5939083180856717,0.17455784165863558
7544,0.7551991897598624,0.2016337196434024,0.04316709059673513
7253,0.5974266246332542,0.3163886220576898,0.08618475330905605
16731,0.6636653777426653,0.32382569241545384,0.01250892984188078
17278,0.6044855530847402,0.3915116205929334,0.00400282632232649
16327,0.8664912621911361,0.13266382883243358,0.0008449089764303128
15845,0.9318552574309046,0.06252141215486562,0.005623330414230023
6750,0.21923351217902476,0.18864947296099502,0.5921170148599803
7674,0.9148832609266675,0.02720039387138201,0.05791634520195048
17416,0.33001957531419646,0.6038866107346385,0.06609381395116522
9050,0.4793086081271736,0.4834071892959744,0.037284202576851985
8931,0.054948181131138946,0.6914222597411552,0.2536295591277058
13146,0.2474232694766464,0.38391505213846494,0.36866167838488867
11584,0.8607096367042587,0.13660184951910703,0.0026885137766340717
8322,0.944341523387282,0.05435010806564494,0.0013083685470731484
16067,0.7446134398243175,0.23709721029590788,0.018289349879774725
11438,0.9253590830040095,0.06962813806852813,0.005012778927462411
677,0.4892809868930455,0.5077459499169416,0.0029730631900130346
7475,0.2967376652130601,0.6953773794594871,0.007884955327452857
13400,0.9365884355840804,0.053603343677681485,0.00980822073823799
10255,0.9539814447581468,0.04474172044426864,0.0012768347975846068
17987,0.9260063272824266,0.0730629837913014,0.0009306889262721086
13651,0.22228381352073662,0.4420099836043028,0.33570620287496067
8226,0.9737077345193056,0.021460267313773995,0.0048319981669203635
7643,0.8317082042878943,0.1568955710344691,0.011396224677636558
10318,0.12106006298160951,0.06259856818395179,0.8163413688344388
12382,0.9521930982050153,0.025473276705035366,0.022333625089949266
2912,0.11362309110619863,0.45766741619360335,0.42870949270019815
2254,0.2257970794181913,0.43323952735371685,0.3409633932280918
13110,0.9712599177243278,0.02588565215781188,0.0028544301178603415
8355,0.18898899629382768,0.402381138339257,0.40862986536691537
10753,0.98244405047793,0.01623926718122646,0.0013166823408432937
17974,0.28615619234856704,0.3943170867275138,0.3195267209239192
7588,0.9486776464967008,0.034580376446112435,0.0167419770571867
3209,0.942854804649065,0.04414554404495955,0.012999651305975288
16325,0.9042312982101338,0.09391140995018227,0.001857291839683904
12009,0.9467464105715521,0.049486487981910396,0.0037671014465375315
7141,0.2330644969125533,0.7139912871553044,0.05294421593214236
7584,0.22858547141699295,0.48958124361782246,0.28183328496518445
171,0.5893524112594898,0.40903529109351544,0.001612297646994665
14412,0.9580490930004869,0.035152663915938215,0.006798243083574913
16111,0.5780063461623801,0.4206899924982202,0.0013036613393996453
17959,0.910998765542341,0.08818039170865102,0.0008208427490078438
401,0.9118465253595072,0.07917153123637843,0.008981943404114479
16571,0.24978616258748598,0.7297817428092378,0.02043209460327623
3294,0.13884102633184836,0.8411175961726836,0.02004137749546818
16220,0.38715546143457263,0.20454236355099162,0.4083021750144357
2404,0.9079652590331332,0.08891645149638788,0.003118289470478704
11002,0.7994792155236453,0.19653776638923207,0.003983018087122685
372,0.8355566072095165,0.15876633373674606,0.005677059053737534
15477,0.919811670770105,0.07108412927834035,0.009104199951554835
41,0.5907239035023797,0.4076691836471684,0.0016069128504520517
8671,0.9731096091230037,0.025164566934366344,0.0017258239426299463
8129,0.731231549762712,0.15270132017786425,0.11606713005942369
14683,0.9292840446699205,0.06803799941858378,0.0026779559114954647
9873,0.9896923049045833,0.008965790107250593,0.0013419049881662195
13577,0.9755965656426866,0.023053604483929555,0.0013498298733839113
16132,0.9839654471702218,0.014323127726116842,0.0017114251036615669
10100,0.9479076728322401,0.04940382792041492,0.0026884992473451322
5629,0.6950174252397648,0.2789751737144002,0.02600740104583496
16618,0.30986385870914906,0.6860980243169481,0.00403811697390283
16876,0.12251856650158172,0.6026146449273696,0.27486678857104874
16036,0.995095920051819,0.003749600565987609,0.0011544793821934144
9322,0.3567812343192919,0.2375093267713217,0.40570943890938643
8549,0.9413087200660879,0.05482917211494867,0.0038621078189633637
18132,0.9606140593293915,0.0375363156125995,0.0018496250580090428
13487,0.757723755021225,0.23380658818336802,0.00846965679540699
6904,0.9016067442083922,0.09474598275784095,0.0036472730337668902
2799,0.34795422068475834,0.6313107471643594,0.02073503215088225
9694,0.1301042914817314,0.4346365674140369,0.4352591411042318
4417,0.7473500119945243,0.2481057035823802,0.0045442844230953894
1494,0.9187477372641232,0.07559650431988536,0.005655758415991513
13929,0.3054974880695261,0.4721221514618209,0.22238036046865295
6530,0.46581032937455497,0.5304656910224473,0.0037239796029978935
2483,0.7673546430772866,0.22076794942003766,0.01187740750267565
3301,0.6132990084745624,0.3848521380258336,0.0018488534996041273
11323,0.9458295126163232,0.05331667325562767,0.0008538141280488611
1237,0.5950359884799721,0.3725627760845627,0.03240123543546545
1747,0.8420108879146775,0.1534664521270344,0.004522659958288204
2655,0.9028990686776637,0.09085153054036821,0.006249400781968076
16310,0.5361314210853326,0.42165833475372855,0.04221024416093877
4173,0.9238237610199569,0.07350660156166619,0.0026696374183768955
17613,0.5813118664160923,0.4126889785124533,0.0059991550714544525
18062,0.9880109753772396,0.00916090914569068,0.002828115477069971
4109,0.47929087187443703,0.5193979270000807,0.0013112011254823443
15881,0.987626393513435,0.010637298145083593,0.0017363083414814468
17020,0.9393558775082931,0.05773213525394117,0.00291198723776585
7642,0.2596224079842326,0.053821262867159575,0.6865563291486079
9464,0.9533328520814882,0.04311441651378181,0.0035527314047298455
22,0.9207401469861902,0.07736865198498923,0.001891201028820618
16394,0.6723244192579302,0.32359027386077155,0.0040853068812984235
12854,0.6511073770909895,0.1795133819054233,0.16937924100358712
5073,0.7110229041844741,0.26755605283253003,0.02142104298299582
2069,0.9379242102231393,0.04955104574797611,0.012524744028884538
8545,0.9180421218467532,0.07908480686649276,0.002873071286754143
10775,0.5872019906849603,0.3995789663783311,0.013219042936708668
9744,0.8448777057084336,0.15405201924533043,0.001070275046235948
17138,0.7118331801455243,0.14932398700678112,0.1388428328476945
16619,0.9689329256111043,0.0293486578547818,0.0017184165341139412
195,0.7424500379724596,0.249216486366853,0.008333475660687413
10258,0.39518949333980924,0.5697490383812518,0.03506146827893891
4347,0.8824990066150677,0.11610803173486473,0.0013929616500674338
17587,0.7614807672874985,0.23253360272528822,0.005985629987213301
3019,0.09599254338423983,0.34100282176864494,0.5630046348471153
18552,0.9869627693450652,0.010630150535236804,0.0024070801196980508
13223,0.6999362483357351,0.29598650993081593,0.004077241733448973
7856,0.9608014894344452,0.03750478910045124,0.0016937214651034968
9830,0.5622178961844299,0.4362440383494778,0.001538065466092298
10965,0.5893524112594898,0.40903529109351544,0.001612297646994665
4677,0.39427807434572104,0.16855901053803363,0.4371629151162453
12176,0.04548077412757091,0.6083177830925248,0.3462014427799042
15210,0.3161109644553048,0.6750046199131545,0.00888441563154075
3764,0.8577136884961652,0.13908676681636276,0.003199544687471996
16846,0.5255888779207146,0.441075634415356,0.0333354876639292
771,0.08333574846686714,0.009200507321697322,0.9074637442114356
13019,0.03226925043189192,0.026215560822195623,0.9415151887459124
252,0.5633311776923973,0.41447916802604257,0.022189654281560136
11064,0.5750231189553354,0.4234037841947205,0.0015730968499440272
18221,0.9456119376527471,0.05178355534796547,0.0026045069992875233
11502,0.7682782348212485,0.22012993943772793,0.011591825741023586
14392,0.6804758155582223,0.31875599084382883,0.0007681935979488021
9541,0.6863374474590719,0.288474318449667,0.025188234091261186
3206,0.8998786725074571,0.09095157525638799,0.00916975223615471
1994,0.505080385967503,0.09567839202311469,0.3992412220093823
17294,0.3233235242482545,0.6628303158396803,0.013846159912065188
344,0.9929587440666088,0.005949175682049462,0.0010920802513417966
15404,0.9469679292424538,0.05114055038201076,0.0018915203755355456
521,0.9036912452235034,0.09450472706311935,0.0018040277133771088
876,0.9881943660114667,0.00916260955690087,0.002643024431632501
7671,0.30764018693943784,0.6914172558696955,0.0009425571908667668
3351,0.9777387886314027,0.020574919635888343,0.001686291732708837
11771,0.9866224708574155,0.011986875319462952,0.0013906538231214353
1511,0.13596019731208053,0.15828855667479078,0.7057512460131288
9265,0.14158833056170603,0.8527896269206683,0.0056220425176256115
7982,0.910998765542341,0.08818039170865102,0.0008208427490078438
14175,0.7330460943628228,0.1400724303648929,0.12688147527228422
10039,0.9288176468644469,0.0667113518570797,0.004471001278473303
14091,0.20350543217560568,0.7539154830954815,0.0425790847289127
16518,0.9792005645527246,0.020112245191437176,0.0006871902558382677
10022,0.9427692619760248,0.04980701246516045,0.007423725558814783
11564,0.8356245687948705,0.1502764897289647,0.01409894147616483
7125,0.790343953487867,0.20320815956379706,0.006447886948336018
13985,0.5893524112594898,0.40903529109351544,0.001612297646994665
16442,0.49145465086748114,0.507465635047416,0.0010797140851027715
8894,0.819482075852611,0.17797394100242328,0.002543983144965641
12070,0.8299429674871626,0.15523386415937274,0.01482316835346472
5222,0.5102046660213808,0.487599459725777,0.0021958742528422836
5035,0.24142725383069633,0.4340842538084558,0.3244884923608478
11720,0.9490634604896879,0.049253361759488655,0.0016831777508234393
2902,0.7591701055983349,0.1757562683222226,0.06507362607944268
16663,0.9613384305030559,0.03196669832009318,0.006694871176850965
5322,0.5828129559289305,0.3927288132569283,0.02445823081414121
18013,0.27386875286772144,0.4495961359026863,0.2765351112295922
7204,0.970968695472694,0.028047133050611302,0.0009841714766946525
5241,0.38153224293754456,0.1789231737511651,0.43954458331129037
10289,0.8396735509246525,0.1530404447909858,0.007286004284361788
2841,0.7877605801713193,0.15974837002026468,0.05249104980841607
799,0.7760128863001043,0.22142176649759274,0.0025653472023028077
1913,0.05498338339525923,0.1939469579693119,0.7510696586354288
4910,0.832777125434777,0.15826858844075717,0.00895428612446568
451,0.7130270507421063,0.2770429797739223,0.009929969483971348
10840,0.7591701055983349,0.1757562683222226,0.06507362607944268
15308,0.17036109904703203,0.2162004212643406,0.6134384796886274
10669,0.128080907555522,0.41445372550592796,0.45746536693855017
9628,0.9106640218260084,0.08760343946195173,0.001732538712039751
1010,0.6550161126321394,0.34069310909063044,0.004290778277230142
11501,0.5911120975202552,0.22948589079208237,0.17940201168766245
12727,0.6757356325156756,0.3225192674789939,0.0017451000053306358
13407,0.9672921678599412,0.029867468074338984,0.0028403640657197644
11481,0.6698120188018882,0.3280429412555589,0.002145039942552814
7183,0.32177529340310385,0.4262247851435139,0.2519999214533823
1066,0.9760237393530043,0.023063698711513383,0.0009125619354823403
4010,0.9841548197150921,0.013557130419207907,0.0022880498656998524
13436,0.9724721773874913,0.02488818338631826,0.002639639226190677
13848,0.9777387886314027,0.020574919635888343,0.001686291732708837
15025,0.31923569952474057,0.6657378928347396,0.015026407640519825
3313,0.28688048635709495,0.692224007408111,0.020895506234794064
13580,0.9287823969814099,0.07032944322824286,0.0008881597903472112
14183,0.7944936264156234,0.19756869567426846,0.007937677910108305
11433,0.8109662407552721,0.1862098920099043,0.0028238672348236344
9442,0.5236803492423797,0.4661397130583093,0.010179937699310892
15,0.8417517882226075,0.15546554459096745,0.0027826671864249956
10817,0.9704374118548541,0.027096413499270534,0.0024661746458753708
330,0.5907239035023797,0.4076691836471684,0.0016069128504520517
17999,0.9693741908986617,0.028665398358231602,0.0019604107431066614
6883,0.7634579911457021,0.2276695510361838,0.00887245781811403
7946,0.22923413811801752,0.7647665445126649,0.005999317369317571
2122,0.810841354921024,0.187239830709808,0.0019188143691679558
16053,0.9845425164742807,0.014724195206517398,0.0007332883192019261
889,0.9920589228224398,0.006515868582313843,0.0014252085952463846
3521,0.7920695250451268,0.20352367509654737,0.00440679985832577
18229,0.19898420817520437,0.2833432746058093,0.5176725172189863
11922,0.9026406812394744,0.09667583202686388,0.0006834867336617301
2870,0.9825787398295277,0.016099199843186793,0.0013220603272856494
4093,0.2108722151477646,0.32792440299801534,0.46120338185421994
283,0.04764112868850765,0.11447201113143442,0.837886860180058
10344,0.3745683202152253,0.6167725810263605,0.0086590987584143
531,0.9935413285249212,0.0049811522891971315,0.0014775191858816795
2710,0.540718643902934,0.45780210636363794,0.001479249733428165
8826,0.5284946890721649,0.42897964569855584,0.04252566522927923
10484,0.9411660364630245,0.055888524486760016,0.0029454390502154956
12881,0.11937698474649608,0.042216089593208654,0.8384069256602953
5013,0.43189121432723165,0.5164642415665839,0.05164454410618444
1189,0.7916630372978235,0.19448280934558315,0.013854153356593322
7899,0.7252460674116403,0.27193421354522723,0.0028197190431323415
12413,0.9580490930004869,0.035152663915938215,0.006798243083574913
11046,0.5286755090481261,0.42931106611520814,0.04201342483666592
5834,0.8467349683086511,0.14435024497531895,0.00891478671603016
14782,0.8074680709511894,0.19071384071428016,0.0018180883345303676
9994,0.4479362166824311,0.5467194061251911,0.005344377192377765
147,0.3235118950532981,0.26568817853667015,0.4107999264100319
2152,0.9904016159912337,0.008135312787437187,0.0014630712213290933
3478,0.21950680391027247,0.3241460444711362,0.4563471516185913
8873,0.8121975593447985,0.15935120801998315,0.02845123263521839
5577,0.22833262399486978,0.6033580903619824,0.16830928564314793
12729,0.6196849082630792,0.36309202038555644,0.017223071351364288
11488,0.716161012232868,0.28017093707134944,0.003668050695782633
17901,0.7253024366721185,0.2664727702936393,0.008224793034242171
650,0.6149265849736406,0.30684635641330743,0.0782270586130519
3127,0.9550930298536833,0.04275064371961828,0.0021563264266984605
3761,0.5551168563917193,0.3791777501224305,0.06570539348585033
16587,0.029294801151675848,0.034742500055122534,0.9359626987932017
11773,0.3813465261727521,0.2670396110755223,0.35161386275172557
11000,0.8206298403643627,0.17746234875069716,0.0019078108849401654
10785,0.9345757161907352,0.06082984928859532,0.004594434520669703
2280,0.15867056933055226,0.05869592919594229,0.7826335014735054
13306,0.9302999115390044,0.06542587505055714,0.004274213410438403
14185,0.9624547585745713,0.03578626168692439,0.001758979738504377
18326,0.5398434059113467,0.377552336190986,0.08260425789766737
2544,0.9606990388275991,0.03882958142965363,0.00047137974274724133
6979,0.7975983633443569,0.19811201290552852,0.0042896237501144005
50,0.5685035882631766,0.3381015758758479,0.09339483586097552
11525,0.8948407026857744,0.08433909589244519,0.020820201421780274
13479,0.3943590756679372,0.16499674380219076,0.440644180529872
8865,0.40142717738706046,0.5749912306529302,0.02358159196000932
14822,0.5258739279402939,0.38419128650673956,0.08993478555296676
9763,0.9333271239767996,0.06578037028078884,0.0008925057424114719
2129,0.31901782472750434,0.6800377041936154,0.0009444710788803248
13332,0.9409392969879635,0.03750749420182538,0.02155320881021113
7082,0.9698346118286176,0.02820404629750497,0.001961341873877329
7783,0.5584428952452459,0.42019909912334974,0.021358005631404314
7202,0.9458295126163232,0.05331667325562767,0.0008538141280488611
18223,0.7892405474928471,0.20337044155549425,0.007389010951658495
6631,0.7997094322406328,0.1531777139184671,0.047112853840900096
14666,0.9605619710947108,0.03749543952625074,0.0019425893790385013
4432,0.9776423276343583,0.009317358288665808,0.01304031407697598
6566,0.9317757598186747,0.062120141885992665,0.006104098295332387
11828,0.5496990667521925,0.1889489884850653,0.26135194476274226
3485,0.8134450834659064,0.175581884298409,0.010973032235684549
17499,0.987282903012766,0.011075152627992312,0.0016419443592416998
5855,0.40358294702848296,0.4130956502910479,0.18332140268046912
15165,0.9952902190422354,0.0036151364933650096,0.0010946444643995833
4574,0.882866117036306,0.11313344092305655,0.00400044204063744
9316,0.7280517165800946,0.22815089905943386,0.043797384360471425
17011,0.9493077058280132,0.0499592076831182,0.0007330864888687317
12002,0.517567335041243,0.44931928994713033,0.03311337501162661
17674,0.9456119376527471,0.05178355534796547,0.0026045069992875233
232,0.8738760099691043,0.12325868196055983,0.002865308070335771
5584,0.4165631726532825,0.5822972310537997,0.001139596292917865
18310,0.6555248919208065,0.3428192776612197,0.0016558304179736852
5677,0.1391430879065079,0.1324109637078577,0.7284459483856344
18145,0.9672921678599412,0.029867468074338984,0.0028403640657197644
3086,0.7153204389171635,0.2819600911757103,0.0027194699071261975
15184,0.49589775469447483,0.06782517206202186,0.43627707324350334
16348,0.9524405153462211,0.04623989509600201,0.0013195895577770577
17675,0.9679795289921092,0.031072651829096822,0.0009478191787940752
3074,0.8467588927112843,0.150062092181164,0.003179015107551483
3355,0.6825614096271589,0.19252242451580778,0.12491616585703322
9764,0.12229924450991654,0.8534488567079427,0.02425189878214075
4951,0.7297683545782451,0.15105990028455207,0.11917174513720281
11942,0.9598407857526858,0.03913835457127453,0.0010208596760396301
3983,0.6887760914564014,0.2897905204613908,0.02143338808220767
